"","hazKM","Time","AtRisk","Events","hazLT","lnTime","MyId","EventsL","surv","timedelta","exp","weibull","gamma","lnorm","gompertz","llogis","gengamma","genf","FP1-1","FP1-2","FP2-1","FP2-2","RCS1","RCS2","RP-hazard-1","RP-hazard-2","RP-odds-1","RP-odds-2","RP-normal-1","RP-normal-2"
"1",0.0191082802547771,0.0416666666666667,314,6,0.0192926045016077,-3.17805383034795,1,0,0.980891719745223,0.0833333333333333,0.0165005622771203,0.0324299697206284,0.0310488194206744,0.025829109138492,0.030467989755456,0.0300563465049756,0.0222867886316662,0.0192635439619736,0.0294599954744275,0.0248622224297751,0.0172458287489811,0.0174604119540365,0.0243765362537092,0.0196134027343067,0.0193907115780927,0.0175162631382527,0.0192153624786937,0.0178271638585188,0.0200357287946,0.0206140154340863
"2",0.0194805194805195,0.125,308,6,0.019672131147541,-2.07944154167984,2,6,0.961783439490446,0.0833333333333333,0.0165005622771203,0.0252143732227787,0.023973439983749,0.0282731514575727,0.0291024661681022,0.0260289690227162,0.0314060750258113,0.0233222739906555,0.0282115084283446,0.0247902991256299,0.0230187606551361,0.0232339028825933,0.0243132093042914,0.0213607744795322,0.0245704021634695,0.0280493058708361,0.0244156976274498,0.0279935311504808,0.0247489058654594,0.0256114954138717
"3",0.0198675496688742,0.208333333333333,302,6,0.020066889632107,-1.56861591791385,3,6,0.942675159235669,0.0833333333333333,0.0165005622771203,0.0224298996623249,0.0213596554199991,0.0268879869502669,0.027798143030223,0.0240522375127911,0.0304610522740291,0.0257069420561489,0.0270151916729678,0.0246470681973791,0.0254737017943579,0.0254509861945065,0.0242341910416591,0.0231212035182933,0.0263381835931183,0.0307112610475641,0.026374350376203,0.0304608191176575,0.0263119177551256,0.0266337800311481
"4",0.0405405405405405,0.291666666666667,296,12,0.0413793103448276,-1.23214368129263,4,6,0.904458598726115,0.0833333333333333,0.0165005622771203,0.0207659830519343,0.0198418041983393,0.0252636980930078,0.0265522774415487,0.0226762276828877,0.0283683463848139,0.0272973529899775,0.0258689271692578,0.0244337524587408,0.0264953412110162,0.0263203937769912,0.0241273202566328,0.0247561568387951,0.0270756103756106,0.0306786725390942,0.0272422259857412,0.0302976760766426,0.0270318301060039,0.0267790717301979
"5",0.0105820105820106,0.375,283.5,3,0.0106382978723404,-0.980829253011726,5,12,0.894887608263405,0.0833333333333333,0.0165005622771203,0.019604230978149,0.0188060029891549,0.023775231070057,0.0253622494339443,0.0215985001880383,0.0262955582787865,0.0281018205035369,0.0247706776404733,0.0241521649210009,0.0267088805565987,0.0264659264747547,0.0239807238142194,0.0260970936087841,0.0273465225612452,0.0295280868427113,0.027569016087473,0.0290714761093246,0.0273788743384486,0.0266114764480321
"6",0.0429338103756708,0.458333333333333,279.5,12,0.0438756855575868,-0.780158557549575,6,3,0.856466673382686,0.0833333333333333,0.0165005622771203,0.0187234360958511,0.0180359211546726,0.0224636100784004,0.0242255564617997,0.0207027412306509,0.0244431725364094,0.0280706443855788,0.0237184839408929,0.0238046837771865,0.0264240468340115,0.026171743426194,0.0237829834152682,0.0269586319549155,0.0273688579604326,0.0279007100536562,0.0275853615024969,0.0274217549314624,0.0275268055474007,0.026278440219637
"7",0.0187265917602996,0.541666666666667,267,5,0.0189035916824197,-0.613104472886409,7,12,0.840427971633946,0.0833333333333333,0.0165005622771203,0.018020454187207,0.0174318785798859,0.021312754213325,0.0231398081393514,0.0199313354802134,0.0228241458288353,0.0272931580442965,0.0227104624700059,0.0233942197636319,0.0258207931147128,0.0255955269512458,0.023523356145526,0.0271948612116173,0.027057304480487,0.0260936457044198,0.0272124000515155,0.0256398166870904,0.0272598575482626,0.0257422723875337
"8",0.0229007633587786,0.625,262,6,0.0231660231660232,-0.470003629245736,8,5,0.821181529535459,0.0833333333333333,0.0165005622771203,0.0174392966230737,0.0169403127584073,0.0202983165806701,0.0221027212138687,0.0192512625171796,0.021411668103921,0.0259949893910437,0.0217448026355364,0.0229241764937376,0.0250129593109342,0.024834846822671,0.0231920417988473,0.026836568319039,0.0263280681518133,0.024254034206966,0.0263857977723672,0.0238644020251073,0.0264497364325788,0.0250872648834604
"9",0.00782778864970646,0.708333333333333,255.5,2,0.00785854616895874,-0.344840486291729,9,6,0.814753494079213,0.0833333333333333,0.0165005622771203,0.0169463735888583,0.0165293770482249,0.0193979311479117,0.0211121147641328,0.0186416876573152,0.0201738246817822,0.0244310869316218,0.020819764368115,0.0223984044841095,0.024076333074003,0.0239542821805514,0.0227804868182041,0.0259895555029514,0.0253062783383053,0.0224566398004205,0.0252595949555905,0.0221613747924124,0.0253042262664528,0.0243736062283825
"10",0.0434782608695652,0.791666666666667,253,11,0.0444444444444444,-0.233614851181505,10,2,0.779329429119247,0.0833333333333333,0.0165005622771203,0.0165200439409557,0.0161787201679708,0.0185929953944226,0.0201659056141123,0.018088533316515,0.0190820047991156,0.0227996992158386,0.0199336756899214,0.0218211497036595,0.0230630166631531,0.0229984969880721,0.0222817111871583,0.0247787133928543,0.0240850321598519,0.020738911525592,0.0239459720283264,0.0205599712509279,0.0239613583038091,0.0236368315444129
"11",0.0206611570247934,0.875,242,5,0.0208768267223382,-0.133531392624523,11,11,0.763227581410172,0.0833333333333333,0.0165005622771203,0.0161455977763775,0.0158746126552271,0.0178684482429369,0.0192621039521897,0.0175817869417281,0.0181123918025245,0.0212211172680276,0.0190849303391701,0.021196997569213,0.0220095552565316,0.0219992970415033,0.021692895702115,0.0233314874482876,0.0227341561433113,0.0191759278115704,0.022525915998549,0.0191127562613302,0.0225136166437989,0.0227829714520632
"12",0.0506329113924051,0.958333333333333,237,12,0.051948051948052,-0.0425596144187959,12,5,0.724583146908391,0.0833333333333333,0.0165005622771203,0.0158126099984994,0.0156073922911983,0.0172121494992768,0.018398809146727,0.0171140377954256,0.0172456072847114,0.0197541855662723,0.0182719854519119,0.0205308133845991,0.020941874591584,0.0209797661429662,0.0210231845992814,0.0217654623326427,0.0213062119841114,0.0178203493453024,0.0210572736349203,0.0178525034649745,0.021023074912368,0.0217349661133782
"13",0.00444444444444444,1.04166666666667,225,1,0.0044543429844098,0.0408219945202552,13,12,0.721362777366576,0.0833333333333333,0.0165005622771203,0.0155134402898299,0.0153700244209631,0.0166142743892792,0.0175742057491702,0.0166796236923097,0.0164659577563923,0.0184197412958343,0.0174933593022603,0.0198276802724078,0.0198784431546909,0.0199568476638535,0.0202851948357867,0.0201807436424688,0.0198407557601068,0.0166426920524678,0.0195808140419983,0.0167516131550166,0.0195312181636462,0.0205609531256414
"14",0,1.125,224,0,0,0.117783035656383,14,1,0.721362777366576,0.0833333333333333,0.0165005622771203,0.0152423329681429,0.0151572426253698,0.0160668142368745,0.016786559676288,0.0162741048483628,0.015760699166688,0.0172183959347871,0.0167476291018275,0.0190928356773415,0.0188323809876992,0.0189430373363248,0.0194915906371878,0.0186567894222274,0.0183674497330317,0.0156166577145906,0.0181247753756683,0.0157859997355592,0.0180654665741727,0.0193111304826664
"15",0.0133928571428571,1.20833333333333,224,3,0.0134831460674157,0.189241999638528,15,0,0.71170166874113,0.0833333333333333,0.0165005622771203,0.0149948511643248,0.0149650112588753,0.0155631859047783,0.0160342145635164,0.0158939243393203,0.015119421281,0.0161413596699139,0.0160334288588647,0.0183316075266712,0.017812911311711,0.0179475380411508,0.0186547988885981,0.0172527515438149,0.0169083791161974,0.0147196714456563,0.0167082518631733,0.0149352640222468,0.0166435718066895,0.0180224737756492
"16",0.0226244343891403,1.29166666666667,221,5,0.022883295194508,0.255933374137201,16,3,0.695599821032055,0.0833333333333333,0.0165005622771203,0.0147675071767642,0.0147901759936538,0.0150979315123295,0.0153155882817397,0.0155361805401743,0.0145335588889162,0.0151763077838949,0.015349447297343,0.0175493511165896,0.0168263853038583,0.0169770733288447,0.0177867638027833,0.0160028613017711,0.0155442124920691,0.0139326586404024,0.0153989816241343,0.0141823287176337,0.0153350990096824,0.0167221944378775
"17",0.00462962962962963,1.375,216,1,0.00464037122969838,0.318453731118535,17,5,0.69237945149024,0.0833333333333333,0.0165005622771203,0.014557512998026,0.0146302290344091,0.0146664882287706,0.0146291696101839,0.0151984696630302,0.0139960111318489,0.0143103071983244,0.0146944258359816,0.0167513877537213,0.0158770203808162,0.016036475869859,0.0168987439274472,0.0148960400155572,0.0143505212433262,0.0132396147802897,0.0142573694493231,0.0135129588546621,0.0142011352992241,0.0154302165676309
"18",0.0372093023255814,1.45833333333333,215,8,0.037914691943128,0.377294231141468,18,1,0.66661649515572,0.0833333333333333,0.0165005622771203,0.0143626071888728,0.0144831468865244,0.0142650111686802,0.0139735150584251,0.0148787737776171,0.0135008465771265,0.0135311500150385,0.0140671566270245,0.0159429461197867,0.0149674409050421,0.0151291225058054,0.0160011526874456,0.013912054827565,0.0133074296012834,0.0126271412343377,0.0132614703934487,0.0129152926879144,0.0132162476020202,0.0141677225195141
"19",0.00966183574879227,1.54166666666667,207,2,0.00970873786407767,0.432864082296279,19,8,0.660175756072089,0.0833333333333333,0.0165005622771203,0.0141809318002577,0.0143472754987892,0.0138902362557898,0.0133472458308301,0.0145753792670507,0.0130430744012139,0.0128278712050411,0.0134664806543925,0.0151291072461382,0.0140990795119327,0.0142572617784443,0.015103441798815,0.0130338145828683,0.0123962806852241,0.0120840155312183,0.012391537763862,0.0123794272698171,0.0123584869835803,0.0130416555167294
"20",0.0195121951219512,1.625,205,4,0.0197044334975369,0.485507815781701,20,2,0.647294277904829,0.0833333333333333,0.0165005622771203,0.0140109430084111,0.0142212471985215,0.0135393732045513,0.0127490449270457,0.0142868162032278,0.0126184660290291,0.012190868976725,0.0128912858906729,0.0143147538858633,0.0132724782199729,0.0134222642562513,0.0142140253430211,0.0122468264164521,0.0116003367737982,0.0116008184644051,0.0116303680853874,0.0118970687850495,0.0116093037305311,0.0120672116659016
"21",0.00995024875621891,1.70833333333333,201,2,0.01,0.535518236356362,21,4,0.640853538821199,0.0833333333333333,0.0165005622771203,0.0138513450083604,0.0141039194808082,0.0132100213107747,0.0121776543724392,0.0140118124438048,0.0122234152241754,0.0116118444535476,0.0123405055122805,0.0135045249571695,0.0124875163087324,0.0126248162637105,0.0133402410792602,0.0115387515981709,0.0109048238981086,0.0111696206459903,0.0109631267685965,0.0114612441484468,0.0109530741073964,0.011223116031856
"22",0.0050251256281407,1.79166666666667,199,1,0.00503778337531486,0.583146285345617,22,2,0.637633169279384,0.0833333333333333,0.0165005622771203,0.0137010402958377,0.0139943291429619,0.0129001026359886,0.0116318725726659,0.0137492583071711,0.0118548275652952,0.0110836693984158,0.0118131161719956,0.0127027756060498,0.0117435839430772,0.01186507136417,0.0124883447046439,0.0108990436762921,0.0102968306638292,0.0107837233236645,0.0103770943145614,0.0110660657829773,0.010376649142543,0.0104910849003084
"23",0,1.875,198,0,0,0.628608659422374,23,1,0.637633169279384,0.0833333333333333,0.0165005622771203,0.0135590917162412,0.013891657399903,0.0126078085593811,0.0111105517868,0.0134981789905764,0.0115100324967674,0.0106002346590896,0.0113081363279906,0.0119135433023066,0.0110397151301235,0.0111427698104332,0.0116635322318837,0.0103186528567137,0.00976514144716698,0.0104374458282353,0.00986139514654756,0.0107065407119296,0.00986895341199878,0.00985549221577342
"24",0,1.95833333333333,198,0,0,0.672093771362113,24,0,0.637633169279384,0.0833333333333333,0.0165005622771203,0.0134246931063611,0.0137952029920675,0.0123315566864486,0.010612595713716,0.0132577127515075,0.0111867128310634,0.010156303430016,0.0108246246283622,0.011140520244611,0.0103746898872545,0.0104573333746239,0.0108699854115872,0.00978978386779976,0.00930004772221913,0.0101259518822154,0.00940673887853207,0.0103784158112105,0.00942064081173717,0.00930302006003342
"25",0.0101010101010101,2.04166666666667,198,2,0.0101522842639594,0.713766467762681,25,0,0.631192430195754,0.0833333333333333,0.0165005622771203,0.0132971463071987,0.0137043612005835,0.0120699558467116,0.010136957186644,0.0130270934436144,0.0108828478357444,0.00974737913955127,0.0103616783501173,0.0103870322112068,0.00974711290143274,0.00980794102862173,0.0101109351405742,0.0093056971644778,0.00889316059292025,0.00984510776903545,0.00900518678249033,0.0100780522530859,0.00902380496418414,0.00882232851546164
"26",0.0102040816326531,2.125,196,2,0.0102564102564103,0.75377180237638,26,2,0.624751691112124,0.0833333333333333,0.0165005622771203,0.0131758429663385,0.0136186072896329,0.0118217774594955,0.00968263597105154,0.0128056363879359,0.0105966669700989,0.00936959083168546,0.00991843189149602,0.00965602385683445,0.00915547410949848,0.00919358957672564,0.00938873802137993,0.00886054537447825,0.00853723590771795,0.00959136640051953,0.00864994740665242,0.00980232339904723,0.00867173823263771,0.00840375956030179
"27",0.0154639175257732,2.20833333333333,194,3,0.0155844155844156,0.792238083204176,27,2,0.615090582486678,0.0833333333333333,0.0165005622771203,0.0130602499865348,0.0135374833090519,0.0115859319513536,0.00924867666122003,0.0125927268306287,0.0103266120297471,0.00901959570867121,0.00949405531646564,0.00895005032698544,0.0085981952915997,0.0086131423581371,0.00870496162164754,0.0084492385049576,0.00822601680451518,0.00936167235184437,0.00833520093334286,0.00954853150055963,0.00835873234655453,0.00803907906986918
"28",0.0104712041884817,2.29166666666667,191,2,0.0105263157894737,0.829279354884525,28,3,0.608649843403048,0.0833333333333333,0.0165005622771203,0.012949897782259,0.013460587477089,0.0113614492102906,0.00883416667109367,0.0123878104293877,0.0100713059755599,0.00869449717163582,0.00908775295017893,0.00827127494088339,0.00807366579036834,0.00806536841836748,0.00806047447678415,0.00806733270310212,0.00795409497231528,0.00915338385164786,0.00805594988148674,0.00931433949443732,0.00807991388969607,0.00772125584012883
"29",0.0158730158730159,2.375,189,3,0.016,0.864997437486605,29,2,0.598988734777603,0.0833333333333333,0.0165005622771203,0.01284437072166,0.0133875655655458,0.0111474622884363,0.00843823431517469,0.0121903853476865,0.0098295271124388,0.00839177628252326,0.00869876202415737,0.0076214725873776,0.00758026974266416,0.00754897401633931,0.00745553744021345,0.00771093837270727,0.0077167900572604,0.00896420849079437,0.00780789302692208,0.00909771493659556,0.0078311086402107,0.00744427426624801
"30",0,2.45833333333333,186,0,0,0.899483613557774,30,3,0.598988734777603,0.0833333333333333,0.0165005622771203,0.0127432992860771,0.0133181038542316,0.0109431937362147,0.00806004697542984,0.0119999956355406,0.00960018757773876,0.00810923458362007,0.00832635136993697,0.00700203838547268,0.00711640666721693,0.00706262793422109,0.00688989357359931,0.00737664424705934,0.0075100457497504,0.00879215005044247,0.00758731931770014,0.00889688372456243,0.00760872962428476,0.00720297652111954
"31",0.00537634408602151,2.54166666666667,186,1,0.00539083557951483,0.932820033825366,31,0,0.595768365235788,0.0833333333333333,0.0165005622771203,0.0126463535916342,0.0132519233265398,0.0107479440817354,0.00769880935035292,0.0118162256488507,0.00938231532300728,0.00784494640397892,0.00796982015989707,0.00641400108515624,0.00668050684065567,0.00660498175316908,0.00636285435212343,0.0070614546510803,0.00733034073941584,0.00863546436505873,0.00739101876797851,0.00871029174060986,0.00740968459188864,0.00699293004163658
"32",0.027027027027027,2.625,185,5,0.0273972602739726,0.965080896043587,32,1,0.579666517526713,0.0833333333333333,0.0165005622771203,0.0125532380000803,0.01318877485489,0.0105610820695126,0.00735376178250135,0.0116386953140592,0.00917503894422245,0.00759721903391445,0.00762849669398265,0.0058580406255798,0.0062710425811876,0.00617468602454781,0.00587338051206585,0.0067627376873298,0.00717461266841665,0.00849262254862998,0.00721620764478283,0.00853657292767315,0.00723129937882927,0.00681031644248848
"33",0.00555555555555556,2.70833333333333,180,1,0.00557103064066852,0.996333439547691,33,5,0.576446147984898,0.0833333333333333,0.0165005622771203,0.0124636866074984,0.013128435181849,0.0103820363502671,0.00702417866098975,0.0114670560860691,0.00897757484795328,0.0073645594023182,0.00730173723102553,0.00533450922693253,0.00588653631855021,0.00577040308475663,0.00542015637141548,0.00647818247831553,0.00704019330810412,0.00836228024138477,0.00706046562435615,0.00837452261009249,0.00707125426480841,0.00665183842605787
"34",0,2.79166666666667,179,0,0,1.02663878904302,34,1,0.576446147984898,0.0833333333333333,0.0165005622771203,0.0123774594456683,0.0130707035455279,0.0102102883740583,0.00670936689558108,0.0113009874787606,0.00878921634350148,0.00714564612234552,0.00698892486337053,0.00484345536936708,0.00552556614270861,0.00539081711952352,0.00500155212230945,0.00620589489048243,0.00692034548657013,0.00824132774135736,0.00691833206317404,0.00822181539498376,0.00692456936537992,0.00650998644472081
"35",0,2.875,179,0,0,1.05605267424931,35,0,0.576446147984898,0.0833333333333333,0.0165005622771203,0.0122943392659042,0.0130153988302336,0.0100453662864239,0.00640866445916629,0.011140194071576,0.00860932433124481,0.00693930597076309,0.00668946843351742,0.00438465000639271,0.0051867693788753,0.00503464197101343,0.00461520146286031,0.00594501844619745,0.00680611870790431,0.00812566949856022,0.00678277237284126,0.00807554040093517,0.00678490613607132,0.00637510421333498
"36",0,2.95833333333333,89.5,0,0,1.08462604669337,36,0,0.576446147984898,0.0833333333333333,0.0165005622771203,0.0122141288019938,0.0129623571480908,0.00988683966463987,0.00612143899556771,0.0109844029143602,0.0084373193203961,0.00674449403428989,0.00640280149149788,0.00395761437006091,0.00486884462301969,0.00470062709141212,0.00425863100137722,0.00569507698358525,0.0066969616619694,0.00801487067177951,0.00665320964174866,0.00793522675952168,0.00665165561532723,0.00624652464641767
